135  154
132  168
150  137
164  149
166  146
165  154
159  146
131  143
133  150
142  137
168  140
153  166
151  148
148  159
167  166
160  159
169  153
147  155
141  137
164  169
154  141
157  133
130  144
154  131
153  143
147  151
150  136
148  155
151  134
164  147
133  134
139  167
153  131
140  150
169  162
166  161
143  156
146  130
147  169
147  138
134  165
147  155
136  169
148  168
143  133
168  157
169  162
138  151
137  140
164  163
138  139
132  162
159  139
164  150
135  154
136  155
158  157
164  143
138  141
148  142
148  136
139  152
169  168
145  167
144  168
165  146
142  145
158  140
142  165
136  132
154  142
130  150
168  163
166  169
158  163
131  156
148  156
147  148
161  161
165  166
131  144
133  146
158  140
159  169
135  144
149  132
145  147
132  151
163  135
160  148
167  159
164  152
164  152
141  134
145  149
137  156
165  146
138  163
130  167
167  157
161  155
161  140
149  166
144  157
153  143
134  168
139  156
130  151
132  157
131  168
139  132
151  136
148  164
144  133
145  150
160  157
134  165
169  142
162  160
169  147
134  131
133  162
168  162
133  153
137  135
162  149
132  136
133  149
143  146
159  141
151  147
145  154
131  140
132  156
142  144
153  169
158  155
139  152
168  146
131  142
135  164
157  138
152  146
155  167
141  134
140  165
146  145
136  143
140  149
131  142
139  146
147  162
162  153
166  137
135  145
131  167
135  150
135  161
156  143
158  162
135  153
163  164
136  159
140  165
166  169
163  133
160  155
169  154
134  147
135  139
144  138
131  138
140  132
132  147
158  152
160  151
155  131
147  132
164  130
140  169
167  134
169  168
140  149
157  156
155  131
131  163
134  166
156  141
147  141
138  145
135  152
149  153
168  143
142  144
160  156
135  151
157  140
148  168
155  140
137  147
150  140
168  134
164  130
132  131
153  163
165  157
151  165
140  136
164  131
160  146
169  146
163  139
157  136
140  163
149  162
149  154
160  132
163  139
166  159
160  154
148  152
169  142
166  168
134  142
146  167
145  141
140  145
160  144
133  151
137  139
150  154
138  131
156  154
160  137
138  146
142  154
138  139
130  156
169  154
156  169
146  159
134  131
143  164
160  166
165  139
133  150
159  140
145  132
135  163
139  149
162  140
162  151
151  162
139  156
138  142
132  142
160  140
165  147
146  154
164  147
132  132
161  140
145  137
165  163
134  136
148  158
132  162
150  130
130  153
137  164
163  153
150  154
157  145
156  133
163  137
133  142
157  166
151  152
151  148
167  144
164  137
135  167
155  137
159  152
165  151
157  157
166  132
141  164
158  162
162  165
145  145
130  152
158  139
133  143
139  165
134  167
152  166
158  166
156  138
145  147
154  159
158  142
142  158
144  161
139  152
135  145
131  163
141  157
152  136
131  163
139  158
153  133
156  135
159  154
155  155
144  150
147  131
144  158
165  159
139  142
156  155
143  137
161  164
130  133
149  141
132  143
155  163
145  130
159  153
146  139
136  133
131  130
155  133
166  141
158  144
131  147
136  155
137  160
136  147
159  138
146  168
135  168
147  142
169  163
133  156
151  140
140  160
132  165
146  159
157  167
136  136
134  134
140  143
147  135
156  135
164  165
151  145
150  168
145  147
163  151
134  143
162  133
162  169
151  163
147  135
144  134
135  162
157  169
134  136
153  146
146  134
133  168
143  145
157  151
164  140
133  143
135  135
146  130
140  132
168  157
146  136
169  148
145  137
147  143
133  147
157  142
168  165
155  159
151  166
146  137
151  161
169  144
162  166
134  153
132  164
134  149
153  145
165  157
152  160
158  165
169  132
144  151
132  152
148  132
140  169
149  138
168  161
135  154
169  164
146  142
130  131
155  160
164  151
160  153
132  152
159  155
142  143
160  159
142  162
166  130
149  135
130  136
138  131
140  156
142  131
131  131
149  160
138  137
156  159
162  165
142  169
151  161
147  164
162  165
141  147
152  135
141  146
143  140
159  150
159  152
138  146
141  132
150  166
137  130
159  161
151  150
159  139
140  142
143  161
153  133
134  146
140  148
162  132
155  156
146  140
157  150
163  159
148  169
167  134
151  162
139  152
141  136
161  162
163  134
140  130
141  149
146  169
137  142
163  167
137  139
160  153
168  140
135  156
136  156
152  134
151  167
140  168
154  154
163  135
166  157
143  162
130  151
164  165
155  156
146  157
157  163
136  160
146  157
136  146
156  162
142  167
141  140
164  141
139  163
130  151
147  130
149  130
160  156
150  147
150  154
138  141
164  138
154  162
148  169
141  161
152  161
157  136
169  157
167  157
139  169
141  139
150  145
161  135
149  150
149  133
132  142
137  134
130  165
169  169
151  153
169  142
143  166
165  160
158  135
158  131
163  165
138  150
143  160
141  150
167  131
158  135
157  151
157  157
162  141
165  132
147  161
161  143
131  150
159  132
164  134
155  169
134  133
161  167
163  137
155  147
167  157
142  160
151  139
169  151
154  133
142  134
168  136
136  169
137  158
155  141
152  137
168  162
154  161
134  136
144  141
168  135
159  134
153  161
140  158
168  130
131  167
152  132
158  131
159  152
142  163
152  157
169  142
153  145
159  152
137  131
138  158
133  138
135  150
136  154
130  149
135  158
163  147
154  142
146  153
150  155
159  154
156  150
165  153
140  148
152  166
145  161
167  135
137  153
160  156
149  168
131  157
157  163
147  159
147  151
164  140
160  130
138  136
130  146
143  149
145  138
149  162
161  140
138  152
167  138
155  146
144  147
150  136
151  154
148  154
133  142
150  131
167  163
169  138
157  134
165  149
149  147
164  130
136  138
135  163
155  135
163  165
158  131
154  152
146  159
161  148
144  141
139  133
163  155
153  139
160  164
145  138
158  167
138  166
167  136
145  161
161  164
160  162
157  142
134  138
154  148
169  149
160  143
139  158
141  161
143  147
153  150
140  159
156  147
141  158
154  144
151  151
157  144
166  154
137  165
162  159
144  166
130  138
132  153
136  138
155  154
141  148
164  132
136  136
140  139
168  134
150  159
153  137
142  139
154  140
140  167
138  168
149  167
160  165
133  165
138  146
161  146
162  149
157  152
142  138
131  146
160  130
160  149
167  134
130  169
157  137
150  148
155  156
155  150
154  142
158  147
130  146
142  167
132  152
162  152
140  140
135  138
167  147
137  165
136  155
158  142
151  159
152  146
164  169
152  169
131  161
169  164
158  147
144  142
166  162
136  148
145  153
138  155
137  138
142  155
167  161
133  161
156  148
155  166
132  147
138  148
153  133
163  167
133  131
162  132
156  160
156  131
134  150
156  157
139  160
165  140
130  151
161  142
160  151
144  156
152  169
147  141
148  136
162  141
131  147
134  136
152  134
149  166
168  162
151  152
133  152
136  140
146  142
140  150
132  150
159  133
157  144
148  130
148  165
157  138
150  154
132  167
143  134
144  160
161  147
137  151
135  139
156  146
161  156
138  148
164  144
159  169
157  141
164  164
148  162
148  159
159  135
150  150
132  166
147  154
133  158
159  162
145  156
162  151
137  147
131  164
157  130
152  145
143  145
141  145
145  137
152  158
142  164
153  142
161  154
132  160
159  142
150  144
151  161
144  141
132  155
137  153
154  164
132  163
152  137
166  149
140  150
149  154
155  130
137  147
140  130
134  164
141  152
150  137
135  151
144  130
155  131
167  167
166  146
165  138
138  150
132  151
133  140
154  164
147  131
130  144
153  139
133  163
153  133
155  167
135  148
166  156
166  168
150  140
168  130
148  165
162  156
140  153
136  144
160  159
154  167
155  135
141  163
162  162
144  149
143  149
166  137
168  132
149  155
136  130
131  130
153  146
143  135
148  165
157  154
168  164
152  147
161  151
145  146
165  135
148  164
165  155
161  148
165  133
157  169
169  152
137  155
149  144
154  154
133  153
145  152
167  153
137  162
160  144
148  136
160  145
149  137
164  157
150  130
162  159
133  132
142  139
146  132
149  154
149  148
148  133
165  139
149  167
153  138
152  167
156  145
135  147
145  157
139  152
142  159
139  155
148  159
163  130
157  132
163  147
143  165
142  161
165  168
156  169
157  149
167  151
151  131
149  141
163  168
140  155
144  169
143  168
146  167
137  132
168  134
147  161
153  167
157  169
135  149
151  130
143  150
131  163
137  134
140  163
144  139
131  156
160  168
158  138
144  143
147  161
140  159
150  137
138  140
158  145
139  143
140  153
167  147
134  140
139  139
130  139
163  162
136  150
133  130
137  139
139  138
149  165
161  156
132  154
143  160
131  135
131  161
149  163
151  159
133  138
164  147
158  161
137  134
158  152
146  167
148  153
160  165
148  164
151  164
145  162
162  138
140  153
154  130
158  158
145  138
158  151
165  132
134  165
162  147
146  147
142  156
166  155
169  157
156  163
153  148
166  144
130  152
162  133
136  161
167  130
166  148
158  136
159  130
130  160
156  169
145  137
158  151
141  140
168  147
159  141
167  169
137  134
145  138
150  136
145  163
155  150
149  159
