165  158
154  148
156  168
133  136
142  168
143  144
161  143
150  167
168  148
154  144
146  160
169  156
133  168
149  160
149  134
167  147
167  161
167  130
167  148
151  135
152  153
143  164
144  149
163  147
154  142
147  158
155  148
144  160
159  167
151  142
148  157
149  132
165  133
130  158
133  147
131  162
155  169
155  134
154  151
166  162
130  151
143  169
143  159
155  146
134  130
169  134
149  169
135  169
146  161
131  146
139  161
135  148
133  136
168  137
168  155
147  168
151  154
144  148
164  146
145  145
149  136
141  167
159  164
130  134
135  144
157  163
150  155
145  150
140  132
164  160
131  143
137  134
139  159
139  130
149  141
142  137
140  132
152  146
157  165
164  147
164  144
130  137
135  164
165  163
153  135
143  157
131  143
163  136
137  138
139  152
149  146
134  155
160  141
154  169
152  166
137  144
144  152
143  160
162  163
168  160
140  168
152  141
131  166
132  141
163  164
145  133
156  161
136  157
161  157
137  153
162  145
169  149
147  146
158  165
142  160
138  165
166  145
135  150
141  133
139  138
136  167
154  149
159  130
164  134
147  158
159  137
164  145
148  165
135  154
164  163
164  169
162  165
138  164
158  160
158  144
134  130
131  138
154  160
153  149
153  137
153  134
132  136
145  167
168  167
137  168
147  160
152  152
153  134
143  152
132  150
142  156
157  155
150  151
138  167
153  156
153  166
163  130
140  134
150  156
139  169
133  132
160  166
169  140
162  134
137  150
166  161
160  165
166  146
134  161
161  155
132  131
131  137
133  160
156  153
150  134
157  152
133  140
142  146
160  168
145  147
164  161
139  141
144  165
164  158
167  136
140  134
148  166
160  153
168  158
144  138
162  165
148  150
142  164
163  155
162  137
137  150
163  167
138  149
139  146
143  165
138  147
138  151
164  152
130  156
137  167
132  137
153  155
159  137
132  146
136  150
142  134
135  152
134  149
151  155
139  138
153  163
135  153
147  150
145  169
140  135
164  149
132  147
133  131
166  130
152  138
133  145
167  166
167  153
140  141
164  130
141  136
168  136
159  169
158  151
142  153
139  168
147  160
160  166
158  157
151  151
162  135
162  161
137  155
167  160
162  134
139  145
161  161
139  130
167  138
144  166
151  169
166  134
133  150
152  131
136  147
159  158
168  131
167  165
154  166
146  150
143  138
143  135
164  148
144  130
145  156
137  169
136  165
144  135
145  167
147  160
138  156
161  157
162  148
143  148
148  136
134  151
147  130
131  132
158  160
130  147
144  164
158  130
131  160
139  137
141  153
155  164
158  132
161  134
134  162
165  158
144  159
136  145
135  135
149  148
154  165
160  144
135  152
143  134
167  143
148  131
142  164
141  155
149  158
150  160
162  157
165  167
138  134
153  165
163  164
154  149
139  137
151  131
136  166
160  138
162  143
136  153
132  133
169  166
130  137
166  162
167  135
136  163
136  140
146  159
144  161
150  136
161  159
156  131
157  158
137  166
155  156
148  135
138  147
158  147
151  130
135  140
130  151
161  165
162  146
143  154
151  156
156  142
143  165
141  145
130  141
139  169
164  162
154  165
134  157
152  168
161  130
161  137
163  158
158  165
153  137
160  161
168  135
148  157
142  159
139  145
167  142
150  142
168  138
165  154
135  138
136  165
148  169
154  150
156  135
136  158
152  141
146  151
160  136
131  135
165  155
157  161
151  136
145  137
168  150
166  135
149  165
130  152
155  134
137  154
147  146
153  167
169  162
154  161
131  144
133  169
131  137
144  141
158  154
138  145
154  169
151  131
149  152
134  155
168  156
163  135
150  151
169  139
164  154
134  169
162  166
153  159
139  158
132  165
147  158
158  135
131  134
166  166
162  151
131  157
155  132
158  131
168  164
158  164
131  143
161  139
158  149
130  141
153  152
169  155
139  142
157  134
146  135
132  162
162  158
131  159
164  137
130  130
130  158
137  164
140  131
137  154
133  141
145  133
165  168
156  153
148  149
135  150
133  139
155  131
158  141
152  160
152  144
145  156
162  132
139  166
138  167
157  164
164  167
132  165
154  141
137  144
132  145
144  140
147  139
131  167
137  163
157  155
150  134
130  153
158  165
133  158
138  137
153  168
135  133
161  141
162  148
164  148
169  138
152  154
152  150
153  152
168  152
169  157
168  156
149  143
163  152
132  132
142  161
155  154
155  160
135  147
164  164
168  156
162  140
155  158
149  165
142  131
134  132
140  157
143  141
152  137
134  130
144  144
130  130
147  131
167  164
160  135
135  156
135  144
154  137
147  139
161  165
168  165
146  143
159  147
167  148
157  168
150  163
157  168
145  161
160  169
153  168
148  154
164  146
146  157
160  146
142  151
144  169
138  161
144  161
162  168
143  161
136  160
140  153
163  150
144  139
143  167
144  144
137  154
143  154
130  130
148  156
151  160
162  145
144  166
161  165
166  143
154  137
162  158
146  154
146  156
146  141
169  169
132  135
155  166
136  161
141  167
144  138
134  165
159  163
137  139
140  150
137  161
133  157
132  135
146  143
153  130
134  146
148  155
147  146
169  163
163  164
139  136
169  149
130  148
140  151
142  143
165  162
155  163
164  169
145  161
146  145
140  148
132  133
132  139
141  131
160  144
136  165
136  130
151  138
152  136
134  166
162  143
130  161
138  137
150  159
169  131
145  150
133  166
137  158
152  140
142  157
137  137
159  154
150  131
148  139
143  138
143  151
159  159
137  151
152  165
130  153
137  167
147  163
136  168
146  153
169  146
149  164
150  162
130  146
136  134
138  152
161  161
145  156
157  135
167  159
160  162
134  136
147  160
157  134
165  143
167  140
165  132
164  161
155  143
156  152
144  139
146  137
148  149
161  147
156  143
143  142
163  143
144  148
138  156
157  161
134  143
165  155
136  163
167  159
155  140
149  130
140  143
142  132
144  167
163  154
134  147
164  148
133  144
132  144
134  150
158  130
130  167
151  165
156  135
138  165
161  154
155  150
148  153
164  131
164  153
147  145
149  136
134  145
143  154
155  148
149  134
148  159
144  147
142  151
156  148
164  153
138  140
149  156
155  145
164  150
169  145
141  133
158  144
158  157
136  149
157  166
163  153
157  155
162  138
166  143
153  152
155  149
164  162
136  154
151  132
164  169
157  149
143  131
158  139
156  147
144  164
161  146
169  130
152  134
158  154
131  169
132  165
154  160
166  158
157  130
143  139
134  131
161  152
156  138
150  152
154  149
137  142
163  144
152  153
159  156
138  130
146  166
148  131
131  136
163  147
154  149
158  161
168  166
148  155
161  149
155  152
133  154
130  138
151  138
153  138
150  155
147  169
164  162
161  146
158  152
140  167
159  131
134  133
137  169
169  156
138  161
159  152
143  150
169  154
167  151
133  153
143  141
146  149
160  146
159  169
139  146
147  149
135  130
140  162
138  131
145  168
159  147
152  140
161  159
135  158
143  148
152  147
149  142
155  147
131  135
162  133
139  154
137  166
132  160
140  136
166  137
157  157
140  150
159  138
163  161
150  136
168  162
131  166
166  144
165  140
139  168
138  137
156  167
133  161
148  161
151  143
139  136
161  163
143  135
152  161
144  135
142  157
151  137
142  142
160  130
142  160
137  138
137  131
137  142
146  131
168  136
130  159
132  167
162  161
140  150
142  158
152  145
134  153
135  163
168  163
143  145
159  163
150  147
139  157
160  168
157  134
141  135
152  169
150  146
143  152
130  132
139  136
167  140
137  135
156  133
130  169
135  131
162  150
157  139
133  160
160  169
162  150
134  162
169  163
147  133
135  145
168  132
152  151
137  140
162  165
157  149
134  133
136  130
157  133
148  141
149  133
161  167
138  147
164  169
165  137
164  134
163  149
150  163
145  145
140  154
134  137
141  167
159  161
164  160
139  132
133  150
135  131
140  140
168  160
148  140
153  149
140  158
155  138
144  147
137  133
145  167
151  142
158  135
161  157
148  139
132  146
131  142
141  167
150  140
143  167
161  145
152  161
136  163
136  162
138  150
149  136
155  156
144  150
147  134
153  150
159  150
159  163
159  151
167  131
154  138
150  157
143  155
144  153
168  144
167  131
169  161
165  145
162  141
140  137
162  130
135  159
134  144
148  154
137  169
163  162
139  144
133  152
132  135
140  140
168  143
149  159
151  165
152  153
132  139
161  138
167  152
141  132
158  151
160  168
160  168
165  169
168  163
148  165
142  144
168  154
130  148
134  148
147  169
134  144
154  148
136  151
136  156
157  146
168  148
165  159
136  163
168  157
136  144
145  136
132  149
156  149
142  168
165  156
142  139
159  152
165  169
136  136
130  167
168  150
153  134
136  140
141  131
137  151
156  164
148  164
134  160
139  169
149  164
161  153
166  153
151  152
131  157
146  163
158  144
167  164
149  160
161  150
132  150
167  160
145  133
130  132
131  164
137  161
141  167
166  163
160  159
145  146
158  147
160  151
130  169
141  138
143  130
162  134
147  163
164  165
132  166
160  153
159  164
139  158
